
# 期货收益相关性分析结果

## 1. 相关性矩阵

```
          IH0       IF0       IC0       IM0       TS0       TF0        T0
IH0  1.000000  0.878821  0.522895  0.411459  0.079632  0.036317  0.033258
IF0  0.878821  1.000000  0.791056  0.664035 -0.019753 -0.083864 -0.087858
IC0  0.522895  0.791056  1.000000  0.920085 -0.121899 -0.228621 -0.258356
IM0  0.411459  0.664035  0.920085  1.000000 -0.014891 -0.109474 -0.145716
TS0  0.079632 -0.019753 -0.121899 -0.014891  1.000000  0.957613  0.871156
TF0  0.036317 -0.083864 -0.228621 -0.109474  0.957613  1.000000  0.956162
T0   0.033258 -0.087858 -0.258356 -0.145716  0.871156  0.956162  1.000000
```

## 2. 分析总结

- 最高相关性：TS0 和 TF0 之间的相关系数为 0.9576
- 最低相关性：IC0 和 T0 之间的相关系数为 -0.2584
- 平均相关性：所有品种之间的平均相关系数为 0.2882

## 3. 分析描述

基于 IH0, IF0, IC0, IM0, TS0, TF0, T0, TK0 期货的日收益率数据，我们进行了相关性分析。主要发现如下：

- 最高相关性出现在 TS0 和 TF0 之间，相关系数为 0.9576。
- 最低相关性出现在 IC0 和 T0 之间，相关系数为 -0.2584。
- 所有品种之间的平均相关系数为 0.2882。

## 4. 热力图

![期货收益相关性热力图](./output\4c5a540d-0646-4040-8263-2bb0fe8ce307.png)

热力图展示了不同期货品种之间相关性的强度。颜色越接近红色表示正相关性越强，越接近蓝色表示负相关性越强。

这些结果可用于构建多元化投资组合或设计套利策略。但请注意，相关性可能随时间变化，建议定期更新分析。
